Run Number,Run History Configuration ID,Instance ID,Response Value (y),Censored?,Cutoff Time Used,Seed,Runtime,Run Length,Run Result Code,Run Quality,SMAC Iteration,SMAC Cumulative Runtime,Run Result,Additional Algorithm Run Data,Wall Clock Time,
1,1,1,82.7983752126251,0,600.0,5720238,11.0,20.0,1,82.7983752126251,0,11.0,SAT,0,13.279,
2,1,1,81.1552353462674,0,600.0,9851017,20.0,20.0,1,81.1552353462674,1,31.0,SAT,0,22.713,
3,2,1,1.0E9,0,600.0,9851017,0.0,0.0,-1,1.0E9,1,31.0,CRASHED,ERROR: Wrapper did not output anything that matched the expected output ("Result of algorithm run:..."). Please try executing the wrapper directly,10.541,
4,1,1,80.97950300260453,0,600.0,3210949,15.0,20.0,1,80.97950300260453,1,46.0,SAT,0,17.525,
5,3,1,1.0E9,0,600.0,9851017,0.0,0.0,-1,1.0E9,1,46.0,CRASHED,ERROR: Wrapper did not output anything that matched the expected output ("Result of algorithm run:..."). Please try executing the wrapper directly,12.171,
6,1,1,90.95673119533139,0,600.0,3224644,12.0,20.0,1,90.95673119533139,2,58.0,SAT,0,14.277,
7,4,1,1.0E9,0,600.0,5720238,0.0,0.0,-1,1.0E9,2,58.0,CRASHED,ERROR: Wrapper did not output anything that matched the expected output ("Result of algorithm run:..."). Please try executing the wrapper directly,590.595,
8,1,1,82.99470573963522,0,600.0,10374912,12.0,20.0,1,82.99470573963522,2,70.0,SAT,0,14.634,
9,5,1,95.29411764705883,0,600.0,3224644,9.0,20.0,1,95.29411764705883,2,79.0,SAT,0,11.02,
10,1,1,86.61622493555605,0,600.0,8205317,21.0,20.0,1,86.61622493555605,3,100.0,SAT,0,23.768,
11,6,1,1.0E9,0,600.0,9851017,0.0,0.0,-1,1.0E9,3,100.0,CRASHED,ERROR: Wrapper did not output anything that matched the expected output ("Result of algorithm run:..."). Please try executing the wrapper directly,10.387,
12,1,1,86.46093939850776,0,600.0,13624930,17.0,20.0,1,86.46093939850776,3,117.0,SAT,0,19.784,
13,7,1,1.0E9,0,600.0,9851017,0.0,0.0,-1,1.0E9,3,117.0,CRASHED,ERROR: Wrapper did not output anything that matched the expected output ("Result of algorithm run:..."). Please try executing the wrapper directly,10.107,
14,1,1,79.2659151983946,0,600.0,2351854,28.0,20.0,1,79.2659151983946,4,145.0,SAT,0,30.666,
15,8,1,1.0E9,0,600.0,10374912,0.0,0.0,-1,1.0E9,4,145.0,CRASHED,ERROR: Wrapper did not output anything that matched the expected output ("Result of algorithm run:..."). Please try executing the wrapper directly,10.983,
16,1,1,84.75374757883257,0,600.0,5793249,11.0,20.0,1,84.75374757883257,4,156.0,SAT,0,13.349,
17,9,1,1.0E9,0,600.0,2351854,6000.626549999999,0.0,-1,1.0E9,4,6156.626549999999,CRASHED,Run Exceeded Captime -- Treating as CRASHED;Killed Manually,6316.449,
18,1,1,85.18032400317783,0,600.0,14966462,10.0,20.0,1,85.18032400317783,5,6166.626549999999,SAT,0,12.366,
19,10,1,1.0E9,0,600.0,9851017,0.0,0.0,-1,1.0E9,5,6166.626549999999,CRASHED,ERROR: Wrapper did not output anything that matched the expected output ("Result of algorithm run:..."). Please try executing the wrapper directly,539.062,
20,1,1,80.33356177965831,0,600.0,1072651,52.0,20.0,1,80.33356177965831,5,6218.626549999999,SAT,0,54.163,
21,11,1,1.0E9,0,600.0,3224644,0.0,0.0,-1,1.0E9,5,6218.626549999999,CRASHED,ERROR: Wrapper did not output anything that matched the expected output ("Result of algorithm run:..."). Please try executing the wrapper directly,9.944,
22,1,1,80.99155695904942,0,600.0,13839870,29.0,20.0,1,80.99155695904942,6,6247.626549999999,SAT,0,31.646,
23,12,1,1.0E9,0,600.0,5720238,6000.65695,0.0,-1,1.0E9,6,12248.283499999998,CRASHED,Run Exceeded Captime -- Treating as CRASHED;Killed Manually,6316.481,
24,1,1,85.70315597535762,0,600.0,16064365,14.0,20.0,1,85.70315597535762,6,12262.283499999998,SAT,0,16.267,
25,13,1,1.0E9,0,600.0,5720238,0.0,0.0,-1,1.0E9,6,12262.283499999998,CRASHED,ERROR: Wrapper did not output anything that matched the expected output ("Result of algorithm run:..."). Please try executing the wrapper directly,10.224,
26,1,1,81.04711392498352,0,600.0,5357328,43.0,20.0,1,81.04711392498352,7,12305.283499999998,SAT,0,45.151,
27,14,1,93.97863531634263,0,600.0,2351854,8.0,20.0,1,93.97863531634263,7,12313.283499999998,SAT,0,10.534,
28,1,1,82.88103092489527,0,600.0,9941740,10.0,20.0,1,82.88103092489527,7,12323.283499999998,SAT,0,12.464,
29,15,1,1.0E9,0,600.0,5357328,0.0,0.0,-1,1.0E9,7,12323.283499999998,CRASHED,ERROR: Wrapper did not output anything that matched the expected output ("Result of algorithm run:..."). Please try executing the wrapper directly,9.912,
30,1,1,90.02096052402644,0,600.0,1491271,10.0,20.0,1,90.02096052402644,8,12333.283499999998,SAT,0,12.174,
31,16,1,1.0E9,0,600.0,1491271,0.0,0.0,-1,1.0E9,8,12333.283499999998,CRASHED,ERROR: Wrapper did not output anything that matched the expected output ("Result of algorithm run:..."). Please try executing the wrapper directly,10.019,
32,1,1,88.28835587676187,0,600.0,4313519,11.0,20.0,1,88.28835587676187,8,12344.283499999998,SAT,0,13.115,
33,17,1,1.0E9,0,600.0,5357328,0.0,0.0,-1,1.0E9,8,12344.283499999998,CRASHED,ERROR: Wrapper did not output anything that matched the expected output ("Result of algorithm run:..."). Please try executing the wrapper directly,132.777,
34,1,1,86.20424963659097,0,600.0,7023148,10.0,20.0,1,86.20424963659097,9,12354.283499999998,SAT,0,12.405,
35,18,1,1.0E9,0,600.0,13624930,0.0,0.0,-1,1.0E9,9,12354.283499999998,CRASHED,ERROR: Wrapper did not output anything that matched the expected output ("Result of algorithm run:..."). Please try executing the wrapper directly,10.23,
36,1,1,81.9373521673902,0,600.0,2844356,11.0,20.0,1,81.9373521673902,9,12365.283499999998,SAT,0,13.477,
37,19,1,1.0E9,0,600.0,9851017,0.0,0.0,-1,1.0E9,9,12365.283499999998,CRASHED,ERROR: Wrapper did not output anything that matched the expected output ("Result of algorithm run:..."). Please try executing the wrapper directly,27.641,
38,1,1,85.46801524987619,0,600.0,4341220,11.0,20.0,1,85.46801524987619,10,12376.283499999998,SAT,0,13.88,
39,20,1,1.0E9,0,600.0,16064365,0.0,0.0,-1,1.0E9,10,12376.283499999998,CRASHED,ERROR: Wrapper did not output anything that matched the expected output ("Result of algorithm run:..."). Please try executing the wrapper directly,12.152,
40,1,1,81.20774184178019,0,600.0,1842318,14.0,20.0,1,81.20774184178019,10,12390.283499999998,SAT,0,16.547,
41,21,1,94.6949795803223,0,600.0,1842318,9.0,20.0,1,94.6949795803223,10,12399.283499999998,SAT,0,11.347,
42,1,1,86.64697996417695,0,600.0,3077357,11.0,20.0,1,86.64697996417695,11,12410.283499999998,SAT,0,13.886,
43,22,1,1.0E9,0,600.0,3210949,0.0,0.0,-1,1.0E9,11,12410.283499999998,CRASHED,ERROR: Wrapper did not output anything that matched the expected output ("Result of algorithm run:..."). Please try executing the wrapper directly,10.83,
44,1,1,85.79264752300243,0,600.0,5835093,13.0,20.0,1,85.79264752300243,11,12423.283499999998,SAT,0,15.925,
45,23,1,1.0E9,0,600.0,14966462,0.0,0.0,-1,1.0E9,11,12423.283499999998,CRASHED,ERROR: Wrapper did not output anything that matched the expected output ("Result of algorithm run:..."). Please try executing the wrapper directly,10.171,
46,1,1,90.46038247257351,0,600.0,1406314,13.0,20.0,1,90.46038247257351,12,12436.283499999998,SAT,0,15.743,
47,24,1,1.0E9,0,600.0,3210949,0.0,0.0,-1,1.0E9,12,12436.283499999998,CRASHED,ERROR: Wrapper did not output anything that matched the expected output ("Result of algorithm run:..."). Please try executing the wrapper directly,11.635,
48,1,1,78.86146013279934,0,600.0,15827795,16.0,20.0,1,78.86146013279934,12,12452.283499999998,SAT,0,18.743,
49,25,1,1.0E9,0,600.0,13624930,0.0,0.0,-1,1.0E9,12,12452.283499999998,CRASHED,ERROR: Wrapper did not output anything that matched the expected output ("Result of algorithm run:..."). Please try executing the wrapper directly,10.29,
50,1,1,82.75266348933522,0,600.0,2675484,10.0,20.0,1,82.75266348933522,13,12462.283499999998,SAT,0,12.48,
51,26,1,1.0E9,0,600.0,5793249,0.0,0.0,-1,1.0E9,13,12462.283499999998,CRASHED,ERROR: Wrapper did not output anything that matched the expected output ("Result of algorithm run:..."). Please try executing the wrapper directly,554.129,
52,1,1,88.82974193935446,0,600.0,12098776,10.0,20.0,1,88.82974193935446,13,12472.283499999998,SAT,0,12.47,
53,27,1,1.0E9,0,600.0,5793249,0.0,0.0,-1,1.0E9,13,12472.283499999998,CRASHED,ERROR: Wrapper did not output anything that matched the expected output ("Result of algorithm run:..."). Please try executing the wrapper directly,9.977,
54,1,1,82.73012659253985,0,600.0,11882636,11.0,20.0,1,82.73012659253985,14,12483.283499999998,SAT,0,13.822,
55,28,1,1.0E9,0,600.0,10374912,0.0,0.0,-1,1.0E9,14,12483.283499999998,CRASHED,ERROR: Wrapper did not output anything that matched the expected output ("Result of algorithm run:..."). Please try executing the wrapper directly,498.603,
56,1,1,85.78774969409015,0,600.0,16602464,11.0,20.0,1,85.78774969409015,14,12494.283499999998,SAT,0,13.773,
57,29,1,1.0E9,0,600.0,3224644,0.0,0.0,-1,1.0E9,14,12494.283499999998,CRASHED,ERROR: Wrapper did not output anything that matched the expected output ("Result of algorithm run:..."). Please try executing the wrapper directly,9.965,
58,1,1,87.20293926766814,0,600.0,8597254,17.0,20.0,1,87.20293926766814,15,12511.283499999998,SAT,0,18.941,
59,30,1,1.0E9,0,600.0,5720238,0.0,0.0,-1,1.0E9,15,12511.283499999998,CRASHED,ERROR: Wrapper did not output anything that matched the expected output ("Result of algorithm run:..."). Please try executing the wrapper directly,10.551,
60,1,1,87.77819921799947,0,600.0,3439150,10.0,20.0,1,87.77819921799947,15,12521.283499999998,SAT,0,12.856,
61,31,1,1.0E9,0,600.0,7023148,0.0,0.0,-1,1.0E9,15,12521.283499999998,CRASHED,ERROR: Wrapper did not output anything that matched the expected output ("Result of algorithm run:..."). Please try executing the wrapper directly,10.477,
62,1,1,82.99195733832283,0,600.0,1002487,23.0,20.0,1,82.99195733832283,16,12544.283499999998,SAT,0,25.563,
63,32,1,1.0E9,0,600.0,9851017,6000.65695,0.0,-1,1.0E9,16,18544.94045,CRASHED,Run Exceeded Captime -- Treating as CRASHED;Killed Manually,6316.481,
64,1,1,88.06628824239327,0,600.0,2566076,14.0,20.0,1,88.06628824239327,16,18558.94045,SAT,0,16.249,
65,33,1,1.0E9,0,600.0,15827795,0.0,0.0,-1,1.0E9,16,18558.94045,CRASHED,ERROR: Wrapper did not output anything that matched the expected output ("Result of algorithm run:..."). Please try executing the wrapper directly,10.705,
66,1,1,84.62580260802076,0,600.0,5625945,15.0,20.0,1,84.62580260802076,17,18573.94045,SAT,0,18.271,
67,34,1,82.2203806151505,0,600.0,5793249,25.0,20.0,1,82.2203806151505,17,18598.94045,SAT,0,27.481,
68,34,1,84.72685050056039,0,600.0,12098776,17.0,20.0,1,84.72685050056039,17,18615.94045,SAT,0,19.64,
69,34,1,87.81550204744377,0,600.0,2351854,21.0,20.0,1,87.81550204744377,17,18636.94045,SAT,0,23.774,
70,1,1,83.55100203172645,0,600.0,1181656,32.0,20.0,1,83.55100203172645,17,18668.94045,SAT,0,34.587,
71,35,1,85.36193026502377,0,600.0,8205317,12.0,20.0,1,85.36193026502377,17,18680.94045,SAT,0,15.227,
72,1,1,90.39845700926263,0,600.0,9228451,13.0,20.0,1,90.39845700926263,18,18693.94045,SAT,0,15.654,
73,36,1,1.0E9,0,600.0,3077357,0.0,0.0,-1,1.0E9,18,18693.94045,CRASHED,ERROR: Wrapper did not output anything that matched the expected output ("Result of algorithm run:..."). Please try executing the wrapper directly,11.34,
74,1,1,83.14814964569712,0,600.0,288533,19.0,20.0,1,83.14814964569712,18,18712.94045,SAT,0,21.954,
75,37,1,94.3777071428047,0,600.0,4313519,10.0,20.0,1,94.3777071428047,18,18722.94045,SAT,0,12.764,
76,1,1,82.61076769631683,0,600.0,2560151,20.0,20.0,1,82.61076769631683,19,18742.94045,SAT,0,23.125,
77,38,1,1.0E9,0,600.0,3077357,0.0,0.0,-1,1.0E9,19,18742.94045,CRASHED,ERROR: Wrapper did not output anything that matched the expected output ("Result of algorithm run:..."). Please try executing the wrapper directly,13.228,
78,1,1,92.28253123469293,0,600.0,12517203,11.0,20.0,1,92.28253123469293,19,18753.94045,SAT,0,14.151,
79,39,1,1.0E9,0,600.0,3439150,6000.65885,0.0,-1,1.0E9,19,24754.599299999998,CRASHED,Run Exceeded Captime -- Treating as CRASHED;Killed Manually,6316.483,
80,1,1,86.92833224253694,0,600.0,15743371,13.0,20.0,1,86.92833224253694,20,24767.599299999998,SAT,0,16.506,
81,40,1,91.76340945342743,0,600.0,1072651,12.0,20.0,1,91.76340945342743,20,24779.599299999998,SAT,0,14.48,
82,1,1,85.43364789545136,0,600.0,7616303,16.0,20.0,1,85.43364789545136,20,24795.599299999998,SAT,0,19.351,
83,41,1,96.11433217811933,0,600.0,2675484,9.0,20.0,1,96.11433217811933,20,24804.599299999998,SAT,0,11.34,
84,1,1,86.56326345442844,0,600.0,8817813,14.0,20.0,1,86.56326345442844,21,24818.599299999998,SAT,0,16.929,
